0 7 51 5
0 15 49 10
0 21 47 14
1 25 46 17
1 29 45 20
2 31 44 22
3 34 44 24
3 35 43 25
4 37 43 27
5 38 42 28
5 39 42 29
6 40 42 30
7 41 41 30
7 42 41 31
8 43 41 32
9 43 41 32
9 44 40 33
10 44 40 33
11 45 40 33
11 45 39 34
12 45 39 34
13 46 39 34
13 46 39 34
14 46 38 34
14 47 38 35
15 47 38 35
16 47 37 35
16 48 37 35
17 48 37 35
17 48 36 35
18 48 36 35
18 49 36 35
19 49 35 35
19 49 35 35
20 49 35 35
20 50 35 35
21 50 34 35
21 50 34 35
22 50 34 35
22 51 33 35
22 51 33 35
23 51 33 35
23 51 32 35
24 52 32 35
24 52 32 35
24 52 31 35
25 52 31 35
25 52 31 35
26 53 31 35
26 53 30 35
26 53 30 35
27 53 30 35
27 53 29 35
27 54 29 35
28 54 29 35
28 54 29 35
28 54 28 35
28 54 28 35
29 54 28 35
29 55 28 35
29 55 27 35
30 55 27 35
30 55 27 34
30 55 27 34
30 55 26 34
31 56 26 34
31 56 26 34
31 56 26 34
31 56 26 34
32 56 25 34
32 56 25 34
32 56 25 34
32 56 25 34
32 56 25 34
33 57 24 34
33 57 24 34
33 57 24 34
33 57 24 34
33 57 24 34
34 57 24 33
34 57 23 33
34 57 23 33
34 57 23 33
34 57 23 33
34 57 23 33
35 57 23 33
35 57 22 33
35 57 22 33
35 57 22 33
35 58 22 33
35 58 22 33
35 58 22 33
36 58 22 33
36 58 22 33
36 58 22 33
36 58 21 33
36 58 21 32
36 58 21 32
36 58 21 32
36 58 21 32
