1 3 52 1
2 6 50 3
3 8 49 5
4 11 47 6
5 14 46 8
6 16 45 9
7 18 44 11
8 20 43 12
8 22 42 13
9 24 41 14
10 26 40 15
11 28 39 16
12 29 38 17
13 31 38 18
14 32 37 19
14 33 36 20
15 35 36 21
16 36 35 22
17 37 35 22
17 38 35 23
18 39 34 24
19 40 34 24
19 41 34 25
20 42 33 25
21 43 33 26
21 43 33 26
22 44 33 27
23 45 32 27
23 45 32 28
24 46 32 28
24 46 32 28
25 47 32 29
25 47 32 29
26 48 32 29
27 48 32 30
27 49 32 30
28 49 32 30
28 49 32 31
29 50 32 31
29 50 32 31
30 50 32 31
30 51 32 32
30 51 32 32
31 51 32 32
31 51 32 32
32 52 32 32
32 52 32 32
33 52 32 33
33 52 32 33
33 52 33 33
34 52 33 33
34 53 33 33
35 53 33 33
35 53 33 33
35 53 33 34
36 53 33 34
36 53 33 34
36 53 33 34
37 53 34 34
37 53 34 34
37 53 34 34
38 53 34 34
38 53 34 34
38 53 34 34
39 54 34 34
39 54 35 34
39 54 35 35
40 54 35 35
40 54 35 35
40 54 35 35
41 54 35 35
41 54 35 35
41 54 35 35
41 54 36 35
42 54 36 35
42 54 36 35
42 54 36 35
42 54 36 35
43 54 36 35
43 54 36 35
43 54 37 35
43 54 37 35
44 54 37 35
44 54 37 35
44 54 37 35
44 54 37 35
44 54 37 35
45 54 37 35
45 54 38 35
45 54 38 35
45 54 38 35
45 54 38 35
46 53 38 36
46 53 38 36
46 53 38 36
46 53 38 36
46 53 38 36
47 53 39 36
47 53 39 36
47 53 39 36
