NaN	NaN	NaN	NaN
NaN	NaN	NaN	NaN
NaN	NaN	NaN	NaN
NaN	NaN	NaN	NaN
NaN	NaN	NaN	NaN
NaN	NaN	NaN	NaN
NaN	NaN	NaN	NaN
NaN	NaN	NaN	NaN
NaN	NaN	NaN	42
NaN	NaN	NaN	42
NaN	NaN	NaN	42
NaN	NaN	NaN	42
NaN	NaN	NaN	42
NaN	NaN	NaN	42
NaN	NaN	NaN	42
NaN	NaN	NaN	42
NaN	NaN	NaN	49
NaN	NaN	NaN	49
NaN	NaN	NaN	49
NaN	NaN	NaN	49
NaN	NaN	NaN	49
NaN	NaN	NaN	49
NaN	NaN	NaN	49
NaN	NaN	NaN	49
NaN	NaN	NaN	49
NaN	NaN	NaN	49
NaN	NaN	NaN	49
NaN	NaN	NaN	49
NaN	NaN	NaN	47
NaN	NaN	NaN	47
NaN	NaN	NaN	47
NaN	NaN	NaN	47
NaN	NaN	NaN	45
NaN	NaN	NaN	45
NaN	NaN	NaN	45
NaN	NaN	NaN	45
NaN	NaN	NaN	45
NaN	NaN	NaN	45
NaN	NaN	NaN	45
NaN	NaN	NaN	45
NaN	NaN	NaN	45
NaN	NaN	NaN	45
NaN	NaN	NaN	45
NaN	NaN	NaN	45
NaN	NaN	NaN	45
NaN	NaN	NaN	45
NaN	NaN	NaN	45
NaN	NaN	NaN	45
NaN	NaN	NaN	47
NaN	NaN	NaN	47
NaN	NaN	NaN	47
NaN	NaN	NaN	47
NaN	NaN	NaN	47
NaN	NaN	NaN	47
NaN	NaN	NaN	47
NaN	NaN	NaN	47
NaN	NaN	NaN	47
NaN	NaN	NaN	47
NaN	NaN	NaN	47
NaN	NaN	NaN	47
NaN	NaN	NaN	47
NaN	NaN	NaN	47
NaN	NaN	NaN	47
NaN	NaN	NaN	47
NaN	NaN	NaN	49
NaN	NaN	NaN	49
NaN	NaN	NaN	49
NaN	NaN	NaN	49
NaN	NaN	NaN	49
NaN	NaN	NaN	49
NaN	NaN	NaN	49
NaN	NaN	NaN	49
NaN	NaN	NaN	49
NaN	NaN	NaN	49
NaN	NaN	NaN	49
NaN	NaN	NaN	49
NaN	NaN	NaN	49
NaN	NaN	NaN	49
NaN	NaN	NaN	49
NaN	NaN	NaN	49
NaN	NaN	NaN	42
NaN	NaN	NaN	42
NaN	NaN	NaN	42
NaN	NaN	NaN	42
NaN	NaN	NaN	42
NaN	NaN	NaN	42
NaN	NaN	NaN	42
NaN	NaN	NaN	42
NaN	NaN	49	45
NaN	NaN	49	45
NaN	NaN	49	45
NaN	NaN	49	45
NaN	NaN	49	45
NaN	NaN	49	45
NaN	NaN	49	45
NaN	NaN	49	45
NaN	NaN	54	45
NaN	NaN	54	45
NaN	NaN	54	45
NaN	NaN	54	45
NaN	NaN	54	39
NaN	NaN	54	39
NaN	NaN	54	39
NaN	NaN	54	39
NaN	NaN	54	44
NaN	NaN	54	44
NaN	NaN	54	44
NaN	NaN	54	44
NaN	NaN	54	44
NaN	NaN	54	44
NaN	NaN	54	44
NaN	NaN	54	44
NaN	NaN	52	37
NaN	NaN	52	37
NaN	NaN	52	37
NaN	NaN	52	37
NaN	NaN	52	44
NaN	NaN	52	44
NaN	NaN	52	44
NaN	NaN	52	44
NaN	NaN	52	49
NaN	NaN	52	49
NaN	NaN	52	49
NaN	NaN	52	49
NaN	NaN	52	47
NaN	NaN	52	47
NaN	NaN	52	47
NaN	NaN	52	47
NaN	NaN	54	45
NaN	NaN	54	45
NaN	NaN	54	45
NaN	NaN	54	45
NaN	NaN	54	42
NaN	NaN	54	42
NaN	NaN	54	42
NaN	NaN	54	42
NaN	NaN	54	50
NaN	NaN	54	50
NaN	NaN	54	50
NaN	NaN	54	50
NaN	NaN	54	49
NaN	NaN	54	49
NaN	NaN	54	49
NaN	NaN	54	49
NaN	NaN	56	47
NaN	NaN	56	47
NaN	NaN	56	47
NaN	NaN	56	47
NaN	NaN	56	44
NaN	NaN	56	44
NaN	NaN	56	44
NaN	NaN	56	44
NaN	NaN	56	41
NaN	NaN	56	41
NaN	NaN	56	41
NaN	NaN	56	41
NaN	NaN	56	42
NaN	NaN	56	42
NaN	NaN	56	44
NaN	NaN	56	44
NaN	NaN	49	45
NaN	NaN	49	45
NaN	NaN	49	45
NaN	NaN	49	45
NaN	NaN	49	42
NaN	NaN	49	42
NaN	NaN	49	42
NaN	NaN	49	42
NaN	54	54	40
NaN	54	54	40
NaN	54	54	40
NaN	54	54	40
NaN	54	54	38
NaN	54	54	38
NaN	54	54	38
NaN	54	54	38
NaN	61	54	37
NaN	61	54	37
NaN	61	54	37
NaN	61	54	37
NaN	61	54	35
NaN	61	54	35
NaN	61	54	35
NaN	61	54	35
NaN	61	53	37
NaN	61	53	37
NaN	61	53	37
NaN	61	53	37
NaN	59	53	37
NaN	59	53	37
NaN	59	53	37
NaN	59	53	37
NaN	57	54	30
NaN	57	54	30
NaN	57	54	30
NaN	57	54	30
NaN	57	49	30
NaN	57	49	30
NaN	57	49	30
NaN	57	49	30
NaN	57	50	30
NaN	57	50	30
NaN	57	50	30
NaN	57	50	30
NaN	57	50	42
NaN	57	50	42
NaN	57	50	42
NaN	57	50	42
NaN	59	50	44
NaN	59	50	44
NaN	59	50	44
NaN	59	50	44
NaN	59	47	44
NaN	59	47	44
NaN	59	47	44
NaN	59	47	44
NaN	59	52	44
NaN	59	52	44
NaN	59	52	44
NaN	59	52	44
NaN	59	52	42
NaN	59	52	42
NaN	59	52	44
NaN	59	52	44
NaN	61	52	45
NaN	61	52	45
NaN	61	52	45
NaN	61	52	45
NaN	61	49	45
NaN	61	49	45
NaN	61	49	45
NaN	61	49	45
NaN	61	54	46
NaN	61	54	46
NaN	61	54	46
NaN	61	54	46
NaN	61	52	46
NaN	61	52	46
NaN	61	52	46
NaN	61	52	46
NaN	54	52	47
NaN	54	52	47
NaN	54	52	47
NaN	54	52	47
NaN	54	50	47
NaN	54	50	47
NaN	54	50	47
NaN	54	50	47
61	54	49	47
61	54	49	47
61	54	49	47
61	54	49	47
61	54	49	46
61	54	49	46
61	54	49	44
61	54	49	44
66	54	49	46
66	54	49	46
66	54	49	46
66	54	49	46
66	54	51	46
66	54	51	46
66	54	52	46
66	54	52	46
66	56	51	48
66	56	51	48
66	56	51	48
66	56	51	48
66	56	51	48
66	56	51	48
66	56	51	48
66	56	51	48
64	56	49	49
64	56	49	49
64	56	49	49
64	56	49	49
64	52	49	49
64	52	49	49
64	52	49	49
64	52	49	49
64	57	49	NaN
64	57	49	NaN
64	57	49	NaN
64	57	49	NaN
64	57	49	NaN
64	57	49	NaN
64	57	49	NaN
64	57	49	NaN
66	57	50	NaN
66	57	50	NaN
66	57	50	NaN
66	57	50	NaN
66	54	50	NaN
66	54	50	NaN
66	54	50	NaN
66	54	50	NaN
66	59	50	NaN
66	59	50	NaN
66	59	50	NaN
66	59	50	NaN
66	59	51	NaN
66	59	51	NaN
66	59	51	NaN
66	59	51	NaN
68	59	52	NaN
68	59	52	NaN
68	59	52	NaN
68	59	52	NaN
68	56	52	NaN
68	56	52	NaN
68	56	52	NaN
68	56	52	NaN
68	61	53	NaN
68	61	53	NaN
68	61	53	NaN
68	61	53	NaN
68	59	53	NaN
68	59	53	NaN
68	59	53	NaN
68	59	53	NaN
61	59	54	NaN
61	59	54	NaN
61	59	54	NaN
61	59	54	NaN
61	57	49	NaN
61	57	49	NaN
61	56	49	NaN
61	56	49	NaN
61	57	54	42
61	57	54	42
61	57	54	42
61	57	54	42
63	57	54	42
63	57	54	42
63	57	54	42
63	57	54	42
64	56	52	37
64	56	52	37
64	56	52	37
64	56	52	37
64	54	52	37
64	54	52	37
64	56	52	37
64	56	52	37
64	57	NaN	37
64	57	NaN	37
64	57	NaN	37
64	57	NaN	37
66	57	NaN	39
66	57	NaN	39
66	57	NaN	39
66	57	NaN	39
59	57	NaN	40
59	57	NaN	40
59	57	NaN	40
59	57	NaN	40
59	55	NaN	40
59	55	NaN	40
59	55	NaN	40
59	55	NaN	40
58	55	NaN	40
58	55	NaN	40
58	55	NaN	40
58	55	NaN	40
58	54	NaN	40
58	54	NaN	40
58	54	NaN	40
58	54	NaN	40
59	54	NaN	38
59	54	NaN	38
59	56	NaN	38
59	56	NaN	38
59	57	NaN	38
59	57	NaN	38
59	57	NaN	38
59	57	NaN	38
60	57	42	38
60	57	42	38
60	57	42	38
60	57	42	38
60	56	42	38
60	56	42	38
60	54	42	38
60	54	42	38
61	52	49	37
61	52	49	37
64	52	49	37
64	52	49	37
64	54	49	37
64	54	49	37
63	54	49	37
63	54	49	37
64	56	49	37
64	56	49	37
64	56	49	37
64	56	49	37
64	56	47	37
64	56	47	37
64	56	47	37
64	56	47	37
64	54	45	42
64	54	45	42
64	54	45	42
64	54	45	42
63	54	45	42
63	54	45	42
61	54	45	42
61	54	45	42
63	54	45	42
63	54	45	42
63	54	45	42
63	54	45	42
63	56	45	42
63	56	45	42
63	57	45	42
63	57	45	42
64	56	47	40
64	56	47	40
64	56	47	40
64	56	47	40
62	54	47	42
62	54	47	42
62	54	47	42
62	54	47	42
61	52	47	43
61	52	47	43
61	52	47	43
61	52	47	43
59	52	47	43
59	52	47	43
59	52	47	43
59	52	47	43
58	52	49	43
58	52	49	43
58	52	49	43
58	52	49	43
58	54	49	37
58	54	49	37
58	55	49	37
58	55	49	37
58	54	49	42
58	54	49	42
58	54	49	42
58	54	49	42
59	54	49	40
59	54	49	40
61	54	49	40
61	54	49	40
59	54	42	39
59	54	42	39
59	54	42	39
59	54	42	39
59	56	42	39
59	56	42	39
59	58	42	39
59	58	42	39
59	59	42	38
59	59	42	38
59	59	42	38
59	59	42	38
61	59	40	38
61	59	40	38
62	59	42	38
62	59	42	38
64	59	44	38
64	59	44	38
64	59	44	38
64	59	44	38
64	58	42	38
64	58	42	38
64	59	44	38
64	59	44	38
64	61	46	37
64	61	46	37
64	61	46	37
64	61	46	37
64	61	44	37
64	61	44	37
64	61	46	37
64	61	46	37
64	54	47	35
64	54	47	35
64	54	47	35
64	54	47	35
62	54	42	35
62	54	42	35
61	54	42	35
61	54	42	35
62	54	47	NaN
62	54	47	NaN
62	54	47	NaN
62	54	47	NaN
62	56	47	35
62	56	47	35
62	56	47	35
62	56	47	35
61	57	45	42
61	57	45	42
61	57	45	42
61	57	45	42
63	57	47	42
63	57	47	42
65	57	49	42
65	57	49	42
66	57	50	42
66	57	50	42
66	57	50	42
66	57	50	42
66	57	50	44
66	57	50	44
66	57	50	45
66	57	50	45
66	56	50	47
66	56	50	47
66	56	50	47
66	56	50	47
68	56	50	47
68	56	50	47
66	56	50	47
66	56	50	47
65	56	49	47
65	56	49	47
65	56	49	47
65	56	49	47
65	56	49	46
65	56	49	46
65	56	49	44
65	56	49	44
66	54	49	46
66	54	49	46
66	54	49	46
66	54	49	46
64	54	49	42
64	54	49	42
64	54	49	42
64	54	49	42
64	54	47	47
64	54	47	47
64	54	47	47
64	54	47	47
63	54	59	47
63	54	59	47
63	54	57	47
63	54	57	47
65	61	56	47
65	61	56	47
65	61	56	47
65	61	56	47
65	61	54	47
65	61	54	47
65	61	56	47
65	61	56	47
66	61	57	45
66	61	57	45
66	61	57	45
66	61	57	45
66	61	57	47
66	61	57	47
66	61	57	47
66	61	57	47
66	61	56	49
66	61	56	49
66	61	56	49
66	61	56	49
66	61	54	49
66	61	54	49
66	61	54	49
66	61	54	49
65	61	56	37
65	61	56	37
65	61	56	37
65	61	56	37
65	59	56	37
65	59	56	37
65	59	56	37
65	59	56	37
66	59	54	42
66	59	54	42
66	59	54	42
66	59	54	42
66	57	49	42
66	57	49	42
66	56	47	42
66	56	47	42
61	57	49	42
61	57	49	42
61	57	49	42
61	57	49	42
61	57	49	40
61	57	49	40
61	57	49	40
61	57	49	40
66	NaN	49	38
66	NaN	49	38
66	NaN	49	38
66	NaN	49	38
66	NaN	47	37
66	NaN	47	37
66	NaN	45	37
66	NaN	45	37
66	54	47	38
66	54	47	38
66	54	47	38
66	54	47	38
66	54	47	38
66	54	47	38
66	54	47	38
66	54	47	38
64	61	47	37
64	61	47	37
64	61	47	37
64	61	47	37
64	61	40	37
64	61	40	37
64	61	40	37
64	61	40	37
64	61	45	37
64	61	45	37
64	61	45	37
64	61	45	37
64	59	44	37
64	59	44	37
64	59	44	37
64	59	44	37
66	57	42	38
66	57	42	38
66	57	42	38
66	57	42	38
66	57	49	45
66	57	49	45
66	57	49	45
66	57	49	45
66	57	54	50
66	57	54	50
66	57	54	50
66	57	54	50
66	57	52	49
66	57	52	49
66	57	52	49
66	57	52	49
68	59	50	47
68	59	50	47
68	59	50	47
68	59	50	47
68	59	49	45
68	59	49	45
68	59	47	45
68	59	47	45
68	59	52	44
68	59	52	44
68	59	52	44
68	59	52	44
68	59	52	42
68	59	52	42
68	59	52	40
68	59	52	40
61	61	52	45
61	61	52	45
61	61	52	45
61	61	52	45
63	61	54	45
63	61	54	45
63	61	54	45
63	61	54	45
64	61	55	46
64	61	55	46
64	61	52	46
64	61	52	46
64	61	51	46
64	61	51	46
64	61	49	46
64	61	49	46
64	54	47	47
64	54	47	47
64	54	47	47
64	54	47	47
64	56	47	47
64	56	47	47
64	56	47	47
64	56	47	47
64	57	47	35
64	57	47	35
64	57	47	35
64	57	47	35
63	57	47	35
63	57	47	35
63	57	47	35
63	57	47	35
64	57	47	40
64	57	47	40
64	57	47	40
64	57	47	40
59	56	47	40
59	56	47	40
59	54	47	40
59	54	47	40
64	56	47	40
64	56	47	40
64	56	47	40
64	56	47	40
64	56	47	38
64	56	47	38
64	56	47	38
64	56	47	38
64	56	47	37
64	56	47	37
64	56	47	37
64	56	47	37
64	52	45	37
64	52	45	37
64	52	47	37
64	52	47	37
64	57	49	37
64	57	49	37
64	57	49	37
64	57	49	37
61	57	49	37
61	57	49	37
61	57	49	37
61	57	49	37
66	57	49	38
66	57	49	38
66	57	49	38
66	57	49	38
66	54	47	38
66	54	47	38
66	54	49	38
66	54	49	38
66	59	50	38
66	59	50	38
66	59	50	38
66	59	50	38
66	57	50	38
66	57	50	38
66	57	50	38
66	57	50	38
66	56	50	40
66	56	50	40
66	56	50	40
66	56	50	40
59	54	50	40
59	54	50	40
59	54	50	40
59	54	50	40
64	55	49	40
64	55	49	40
64	55	49	40
64	55	49	40
62	55	47	40
62	55	47	40
62	55	47	40
62	55	47	40
61	55	45	33
61	55	45	33
61	55	45	33
61	55	45	33
59	55	45	33
59	55	45	33
59	55	45	33
59	55	45	33
61	54	NaN	34
61	54	NaN	34
61	54	NaN	34
61	54	NaN	34
61	52	NaN	34
61	52	NaN	34
61	52	NaN	34
61	52	NaN	34
61	51	NaN	35
61	51	NaN	35
61	51	NaN	35
61	51	NaN	35
61	49	NaN	33
61	49	NaN	33
61	49	NaN	33
61	49	NaN	33
59	50	NaN	32
59	50	NaN	32
59	50	NaN	32
59	50	NaN	32
57	50	NaN	30
57	50	NaN	30
57	50	NaN	30
57	50	NaN	30
56	50	NaN	28
56	50	NaN	28
56	50	NaN	28
56	50	NaN	28
54	50	NaN	35
54	50	NaN	35
54	50	NaN	35
54	50	NaN	35
55	49	NaN	40
55	49	NaN	40
55	49	NaN	40
55	49	NaN	40
55	47	NaN	38
55	47	NaN	38
55	47	NaN	38
55	47	NaN	38
55	46	NaN	37
55	46	NaN	37
55	46	NaN	37
55	46	NaN	37
55	49	NaN	35
55	49	NaN	35
55	49	NaN	35
55	49	NaN	35
54	54	NaN	34
54	54	NaN	34
54	54	NaN	34
54	54	NaN	34
54	52	NaN	30
54	52	NaN	30
54	52	NaN	30
54	52	NaN	30
54	50	NaN	35
54	50	NaN	35
54	50	NaN	35
54	50	NaN	35
54	49	NaN	42
54	49	NaN	42
54	49	NaN	42
54	49	NaN	42
54	50	NaN	47
54	50	NaN	47
54	50	NaN	47
54	50	NaN	47
54	50	NaN	45
54	50	NaN	45
54	50	NaN	45
54	50	NaN	45
59	51	NaN	44
59	51	NaN	44
59	51	NaN	44
59	51	NaN	44
57	51	NaN	42
57	51	NaN	42
57	51	NaN	42
57	51	NaN	42
56	52	NaN	40
56	52	NaN	40
56	52	NaN	40
56	52	NaN	40
59	52	NaN	38
59	52	NaN	38
59	52	NaN	38
59	52	NaN	38
64	52	NaN	37
64	52	NaN	37
64	52	NaN	37
64	52	NaN	37
64	56	NaN	40
64	56	NaN	40
64	56	NaN	40
64	56	NaN	40
64	61	NaN	45
64	61	NaN	45
64	61	NaN	45
64	61	NaN	45
64	61	NaN	44
64	61	NaN	44
64	61	NaN	44
64	61	NaN	44
69	61	NaN	42
69	61	NaN	42
69	61	NaN	42
69	61	NaN	42
68	59	NaN	44
68	59	NaN	44
68	59	NaN	44
68	59	NaN	44
66	57	54	45
66	57	54	45
66	57	54	45
66	57	54	45
64	57	54	45
64	57	54	45
64	56	54	45
64	56	54	45
63	54	47	45
63	54	47	45
63	54	47	45
63	54	47	45
63	56	47	44
63	56	47	44
63	57	47	44
63	57	47	44
65	59	47	44
65	59	47	44
65	59	47	44
65	59	47	44
65	59	49	43
65	59	49	43
65	59	49	43
65	59	49	43
66	58	50	42
66	58	50	42
66	58	50	42
66	58	50	42
66	59	50	44
66	59	50	44
66	61	50	46
66	61	50	46
66	62	50	47
66	62	50	47
66	62	50	47
66	62	50	47
65	61	50	47
65	61	50	47
66	62	50	47
66	62	50	47
68	64	49	47
68	64	49	47
68	64	49	47
68	64	49	47
73	64	49	40
73	64	49	40
73	64	49	40
73	64	49	40
73	64	49	45
73	64	49	45
73	64	49	45
73	64	49	45
66	62	49	45
66	62	49	45
66	61	49	45
66	61	49	45
66	62	47	45
66	62	47	45
66	62	47	45
66	62	47	45
71	62	47	43
71	62	47	43
71	62	47	42
71	62	47	42
71	62	47	43
71	62	47	43
71	62	47	43
71	62	47	43
64	61	47	43
64	61	47	43
64	59	47	43
64	59	47	43
64	58	54	42
64	58	54	42
64	58	54	42
64	58	54	42
63	58	54	42
63	58	54	42
63	58	54	42
63	58	54	42
63	59	54	NaN
63	59	54	NaN
63	59	54	NaN
63	59	54	NaN
62	59	56	NaN
62	59	56	NaN
62	59	54	NaN
62	59	54	NaN
61	59	53	NaN
61	59	53	NaN
61	59	53	NaN
61	59	53	NaN
61	57	49	NaN
61	57	49	NaN
61	56	49	NaN
61	56	49	NaN
NaN	57	54	42
NaN	57	54	42
NaN	57	54	42
NaN	57	54	42
NaN	59	54	42
NaN	59	54	42
NaN	57	54	42
NaN	57	54	42
NaN	56	54	49
NaN	56	54	49
NaN	56	54	49
NaN	56	54	49
NaN	56	53	49
NaN	56	53	49
NaN	56	51	49
NaN	56	51	49
61	56	53	49
61	56	53	49
61	56	53	49
61	56	53	49
61	57	54	47
61	57	54	47
61	59	56	47
61	59	56	47
66	61	54	45
66	61	54	45
66	61	54	45
66	61	54	45
66	59	54	45
66	59	54	45
66	59	54	45
66	59	54	45
66	57	49	45
66	57	49	45
66	57	49	45
66	57	49	45
64	55	49	45
64	55	49	45
64	55	49	45
64	55	49	45
62	54	NaN	47
62	54	NaN	47
62	54	NaN	47
62	54	NaN	47
62	59	50	47
62	59	50	47
62	58	50	47
62	58	50	47
62	59	55	47
62	59	55	47
62	59	55	47
62	59	55	47
62	59	54	47
62	59	54	47
62	59	54	47
62	59	54	47
64	59	52	49
64	59	52	49
64	59	52	49
64	59	52	49
64	59	54	49
64	59	54	49
64	59	55	49
64	59	55	49
64	57	54	49
64	57	54	49
64	57	54	49
64	57	54	49
64	57	52	49
64	57	52	49
64	57	52	49
64	57	52	49
66	57	51	42
66	57	51	42
66	57	51	42
66	57	51	42
66	59	49	42
66	59	49	42
66	61	49	42
66	61	49	42
66	59	50	42
66	59	50	42
66	59	50	42
66	59	50	42
66	57	50	42
66	57	50	42
66	57	50	42
66	57	50	42
59	56	50	40
59	56	50	40
59	56	50	40
59	56	50	40
59	52	50	40
59	52	50	40
59	52	50	40
59	52	50	40
61	57	49	40
61	57	49	40
61	57	49	40
61	57	49	40
62	57	49	40
62	57	49	40
62	57	49	40
62	57	49	40
64	57	47	40
64	57	47	40
64	57	47	40
64	57	47	40
59	56	50	40
59	56	50	40
59	54	50	40
59	54	50	40
64	55	49	40
64	55	49	40
64	55	49	40
64	55	49	40
62	55	47	40
62	55	47	40
62	55	47	40
62	55	47	40
61	55	45	42
61	55	45	42
61	55	45	42
61	55	45	42
57	55	45	42
57	55	45	42
57	55	45	42
57	55	45	42
62	54	NaN	42
62	54	NaN	42
62	54	NaN	42
62	54	NaN	42
62	54	NaN	43
62	54	NaN	43
62	54	NaN	43
62	54	NaN	43
62	52	NaN	45
62	52	NaN	45
62	52	NaN	45
62	52	NaN	45
62	52	NaN	40
62	52	NaN	40
62	52	NaN	40
62	52	NaN	40
61	52	NaN	45
61	52	NaN	45
61	52	NaN	45
61	52	NaN	45
61	52	NaN	43
61	52	NaN	43
61	52	NaN	43
61	52	NaN	43
62	57	NaN	42
62	57	NaN	42
62	57	NaN	42
62	57	NaN	42
62	57	NaN	40
62	57	NaN	40
62	57	NaN	38
62	57	NaN	38
60	57	NaN	40
60	57	NaN	40
60	57	NaN	40
60	57	NaN	40
60	57	NaN	42
60	57	NaN	42
60	57	NaN	42
60	57	NaN	42
60	50	NaN	43
60	50	NaN	43
60	50	NaN	43
60	50	NaN	43
59	50	NaN	38
59	50	NaN	38
57	50	NaN	38
57	50	NaN	38
59	50	50	43
59	50	50	43
59	50	50	43
59	50	50	43
61	52	50	43
61	52	50	43
61	52	50	43
61	52	50	43
62	54	45	43
62	54	45	43
62	54	45	43
62	54	45	43
57	54	45	42
57	54	45	42
57	54	45	40
57	54	45	40
62	54	45	42
62	54	45	42
62	54	45	42
62	54	45	42
62	54	47	44
62	54	47	44
62	54	47	44
62	54	47	44
61	52	49	45
61	52	49	45
62	52	49	45
62	52	49	45
64	52	49	45
64	52	49	45
66	52	49	45
66	52	49	45
67	52	49	40
67	52	49	40
61	52	49	40
61	52	49	40
59	52	49	42
59	52	49	42
58	52	49	42
58	52	49	42
59	50	47	43
59	50	47	43
59	50	47	43
59	50	47	43
59	50	47	38
59	50	47	38
59	50	47	38
59	50	47	38
59	50	47	43
59	50	47	43
59	50	47	43
59	50	47	43
61	50	47	43
61	50	47	43
62	50	47	43
62	50	47	43
61	57	45	43
61	57	45	43
61	57	45	43
61	57	45	43
62	57	45	42
62	57	45	42
64	57	45	42
64	57	45	42
62	57	45	42
62	57	45	42
62	57	45	42
62	57	45	42
62	55	45	40
62	55	45	40
62	57	45	42
62	57	45	42
62	59	52	44
62	59	52	44
62	59	52	44
62	59	52	44
61	59	52	46
61	59	52	46
62	59	52	47
62	59	52	47
64	59	52	49
64	59	52	49
64	59	52	49
64	59	52	49
64	58	54	47
64	58	54	47
64	59	55	47
64	59	55	47
64	61	54	46
64	61	54	46
64	61	54	46
64	61	54	46
66	61	54	42
66	61	54	42
64	61	54	42
64	61	54	42
62	61	54	47
62	61	54	47
62	61	54	47
62	61	54	47
62	59	55	47
62	59	55	47
62	57	54	47
62	57	54	47
61	55	52	47
61	55	52	47
61	55	52	47
61	55	52	47
61	55	49	47
61	55	49	47
61	55	49	47
61	55	49	47
73	54	54	46
73	54	54	46
73	54	54	46
73	54	54	46
73	54	52	46
73	54	52	46
73	54	52	46
73	54	52	46
66	54	52	47
66	54	52	47
66	54	52	47
66	54	52	47
66	54	50	47
66	54	50	47
66	54	49	47
66	54	49	47
66	59	50	47
66	59	50	47
66	59	50	47
66	59	50	47
68	59	50	41
68	59	50	41
68	59	50	41
68	59	50	41
69	57	49	42
69	57	49	42
69	57	49	42
69	57	49	42
69	57	49	44
69	57	49	44
69	57	49	44
69	57	49	44
69	54	54	45
69	54	54	45
69	54	54	45
69	54	54	45
69	54	54	47
69	54	54	47
69	54	54	47
69	54	54	47
68	61	54	49
68	61	54	49
68	61	54	49
68	61	54	49
68	61	53	49
68	61	53	49
68	61	51	49
68	61	51	49
68	61	53	49
68	61	53	49
68	61	53	49
68	61	53	49
68	59	53	50
68	59	53	50
68	59	53	49
68	59	53	49
66	57	54	50
66	57	54	50
66	57	54	50
66	57	54	50
66	57	54	45
66	57	54	45
66	57	54	45
66	57	54	45
66	57	54	50
66	57	54	50
66	57	54	50
66	57	54	50
66	57	53	50
66	57	53	50
66	57	54	50
66	57	54	50
71	59	55	50
71	59	55	50
71	59	55	50
71	59	55	50
71	59	55	47
71	59	55	47
71	59	55	47
71	59	55	47
71	59	55	52
71	59	55	52
71	59	55	52
71	59	55	52
71	59	54	50
71	59	54	50
71	59	54	50
71	59	54	50
71	61	52	49
71	61	52	49
71	61	52	49
71	61	52	49
71	61	54	47
71	61	54	47
71	61	55	47
71	61	55	47
70	61	54	49
70	61	54	49
70	61	54	49
70	61	54	49
70	61	52	49
70	61	52	49
70	61	52	49
70	61	52	49
71	54	50	47
71	54	50	47
71	54	50	47
71	54	50	47
69	54	49	47
69	54	49	47
67	54	49	47
67	54	49	47
66	NaN	50	NaN
66	NaN	50	NaN
66	NaN	50	NaN
66	NaN	50	NaN
67	NaN	52	NaN
67	NaN	52	NaN
67	NaN	52	NaN
67	NaN	52	NaN
69	62	54	NaN
69	62	54	NaN
69	62	54	NaN
69	62	54	NaN
69	61	52	NaN
69	61	52	NaN
69	59	52	NaN
69	59	52	NaN
69	57	54	NaN
69	57	54	NaN
69	57	54	NaN
69	57	54	NaN
67	59	55	NaN
67	59	55	NaN
66	59	55	NaN
66	59	55	NaN
64	61	57	NaN
64	61	57	NaN
64	61	57	NaN
64	61	57	NaN
66	62	55	NaN
66	62	55	NaN
66	62	54	NaN
66	62	54	NaN
67	64	52	NaN
67	64	52	NaN
67	64	52	NaN
67	64	52	NaN
69	62	54	NaN
69	62	54	NaN
69	61	54	NaN
69	61	54	NaN
71	59	55	NaN
71	59	55	NaN
71	59	55	NaN
71	59	55	NaN
69	61	54	NaN
69	61	54	NaN
67	61	52	NaN
67	61	52	NaN
66	62	50	38
66	62	50	38
66	62	50	38
66	62	50	38
67	62	45	38
67	62	45	38
66	62	45	38
66	62	45	38
64	62	45	45
64	62	45	45
64	62	47	45
64	62	47	45
64	61	49	45
64	61	49	45
64	59	50	45
64	59	50	45
64	61	52	45
64	61	52	45
64	61	52	45
64	61	52	45
66	61	52	43
66	61	52	43
67	61	52	43
67	61	52	43
69	61	45	42
69	61	45	42
69	61	45	42
69	61	45	42
69	62	45	42
69	62	45	42
69	64	45	42
69	64	45	42
69	62	45	42
69	62	45	42
69	62	45	42
69	62	45	42
69	61	45	42
69	61	45	42
69	61	45	42
69	61	45	42
69	59	47	43
69	59	47	43
69	59	47	43
69	59	47	43
67	58	47	43
67	58	47	43
66	58	47	43
66	58	47	43
64	59	47	43
64	59	47	43
64	59	47	43
64	59	47	43
62	59	47	43
62	59	47	43
62	59	47	43
62	59	47	43
61	66	49	45
61	66	49	45
61	66	49	45
61	66	49	45
73	66	49	45
73	66	49	45
71	66	49	45
71	66	49	45
69	66	49	45
69	66	49	45
69	66	49	45
69	66	49	45
67	64	49	45
67	64	49	45
67	64	49	45
67	64	49	45
67	62	50	38
67	62	50	38
67	62	50	38
67	62	50	38
66	62	50	40
66	62	50	40
66	62	50	42
66	62	50	42
66	62	50	43
66	62	50	43
66	62	50	43
66	62	50	43
64	62	50	43
64	62	50	43
62	62	50	43
62	62	50	43
64	61	45	43
64	61	45	43
64	61	45	43
64	61	45	43
64	59	52	45
64	59	52	45
64	59	52	47
64	59	52	47
64	61	57	45
64	61	57	45
64	61	57	45
64	61	57	45
64	61	57	43
64	61	57	43
64	61	57	43
64	61	57	43
62	66	57	42
62	66	57	42
62	66	57	42
62	66	57	42
62	66	55	43
62	66	55	43
62	66	55	45
62	66	55	45
62	66	54	47
62	66	54	47
62	66	54	47
62	66	54	47
62	66	54	45
62	66	54	45
62	66	54	45
62	66	54	45
62	59	NaN	44
62	59	NaN	44
62	59	NaN	44
62	59	NaN	44
61	59	NaN	46
61	59	NaN	46
62	59	NaN	47
62	59	NaN	47
64	59	49	49
64	59	49	49
64	59	49	49
64	59	49	49
64	58	49	47
64	58	49	47
64	59	49	47
64	59	49	47
64	61	54	46
64	61	54	46
64	61	54	46
64	61	54	46
73	64	54	44
73	64	54	44
73	62	54	44
73	62	54	44
66	61	54	46
66	61	54	46
66	59	54	46
66	59	54	46
66	61	52	46
66	61	52	46
66	61	52	46
66	61	52	46
66	61	51	47
66	61	51	47
66	61	51	47
66	61	51	47
68	59	51	47
68	59	51	47
68	59	51	47
68	59	51	47
69	54	51	47
69	54	51	47
69	54	51	47
69	54	51	47
69	54	51	48
69	54	51	48
69	54	51	48
69	54	51	48
69	61	53	49
69	61	53	49
69	61	53	49
69	61	53	49
69	61	53	50
69	61	53	50
69	61	53	49
69	61	53	49
68	61	53	47
68	61	53	47
68	61	53	47
68	61	53	47
68	59	53	49
68	59	53	49
68	59	53	49
68	59	53	49
68	57	54	50
68	57	54	50
68	57	54	50
68	57	54	50
66	57	54	45
66	57	54	45
65	57	54	45
65	57	54	45
66	57	54	50
66	57	54	50
66	57	54	50
66	57	54	50
66	57	54	42
66	57	54	42
66	57	54	42
66	57	54	42
66	59	47	43
66	59	47	43
66	59	47	43
66	59	47	43
66	59	49	43
66	59	49	43
66	59	49	43
66	59	49	43
71	59	50	44
71	59	50	44
71	59	50	44
71	59	50	44
71	59	52	44
71	59	52	44
71	59	50	44
71	59	50	44
71	61	49	45
71	61	49	45
71	61	49	45
71	61	49	45
71	61	51	45
71	61	51	45
71	61	53	45
71	61	53	45
69	61	54	45
69	61	54	45
69	61	54	45
69	61	54	45
69	61	52	44
69	61	52	44
69	61	52	45
69	61	52	45
69	54	50	47
69	54	50	47
69	54	50	47
69	54	50	47
69	59	50	47
69	59	50	47
69	57	50	47
69	57	50	47
68	59	50	47
68	59	50	47
68	61	50	47
68	61	50	47
66	62	50	47
66	62	50	47
66	62	50	47
66	62	50	47
65	56	49	47
65	56	49	47
65	56	49	47
65	56	49	47
65	61	49	45
65	61	49	45
65	61	49	44
65	61	49	44
66	61	49	45
66	61	49	45
66	61	49	45
66	61	49	45
66	59	49	42
66	59	49	42
66	57	49	42
66	57	49	42
66	56	49	49
66	56	49	49
66	56	49	49
66	56	49	49
66	54	49	49
66	54	49	49
66	54	49	49
66	54	49	49
65	56	49	49
65	56	49	49
65	56	49	49
65	56	49	49
65	56	49	47
65	56	49	47
65	56	49	47
65	56	49	47
66	54	49	45
66	54	49	45
66	54	49	45
66	54	49	45
61	57	54	45
61	57	54	45
61	56	53	45
61	56	53	45
66	57	54	45
66	57	54	45
66	59	54	45
66	59	54	45
64	61	54	45
64	61	54	45
64	61	54	45
64	61	54	45
62	61	54	47
62	61	54	47
62	61	54	47
62	61	54	47
62	59	50	47
62	59	50	47
62	58	50	47
62	58	50	47
62	59	55	47
62	59	55	47
62	59	55	47
62	59	55	47
62	62	54	47
62	62	54	47
62	62	54	47
62	62	54	47
62	56	54	49
62	56	54	49
61	56	54	49
61	56	54	49
68	56	53	49
68	56	53	49
68	56	51	49
68	56	51	49
73	NaN	53	49
73	NaN	53	49
73	NaN	53	49
73	NaN	53	49
71	68	53	49
71	68	53	49
71	68	53	49
71	68	53	49
71	68	54	42
71	68	54	42
71	68	54	42
71	68	54	42
69	61	54	42
69	61	54	42
68	61	54	42
68	61	54	42
69	66	49	42
69	66	49	42
69	66	49	40
69	66	49	40
66	66	49	38
66	66	49	38
66	66	49	37
66	66	49	37
74	66	49	35
74	66	49	35
74	66	49	35
74	66	49	35
74	68	42	35
74	68	42	35
74	69	42	35
74	69	42	35
74	68	47	35
74	68	47	35
74	68	47	37
74	68	47	37
74	66	47	38
74	66	47	38
74	66	47	35
74	66	47	35
68	65	47	37
68	65	47	37
68	65	47	37
68	65	47	37
68	61	45	37
68	61	45	37
68	61	44	37
68	61	44	37
66	61	45	37
66	61	45	37
66	61	45	37
66	61	45	37
66	59	42	37
66	59	42	37
66	57	42	37
66	57	42	37
66	59	44	37
66	59	44	37
66	59	44	37
66	59	44	37
66	56	45	37
66	56	45	37
66	56	47	37
66	56	47	37
65	56	49	37
65	56	49	37
65	57	49	37
65	57	49	37
65	59	49	37
65	59	49	37
65	59	49	37
65	59	49	37
66	59	49	42
66	59	49	42
66	59	49	42
66	59	49	42
61	57	54	42
61	57	54	42
61	59	54	42
61	59	54	42
61	57	50	42
61	57	50	42
61	56	50	42
61	56	50	42
59	54	50	42
59	54	50	42
59	53	50	42
59	53	50	42
57	54	49	42
57	54	49	42
57	49	49	42
57	49	49	42
NaN	54	NaN	NaN
NaN	54	NaN	NaN
NaN	56	NaN	NaN
NaN	56	NaN	NaN
NaN	57	NaN	NaN
NaN	57	NaN	NaN
NaN	56	NaN	NaN
NaN	56	NaN	NaN
NaN	54	NaN	NaN
NaN	54	NaN	NaN
NaN	57	NaN	NaN
NaN	57	NaN	NaN
NaN	56	NaN	NaN
NaN	56	NaN	NaN
NaN	49	NaN	NaN
NaN	49	NaN	NaN
NaN	56	NaN	NaN
NaN	56	NaN	NaN
NaN	57	NaN	NaN
NaN	57	NaN	NaN
NaN	59	NaN	NaN
NaN	59	NaN	NaN
NaN	57	NaN	NaN
NaN	56	NaN	NaN
NaN	57	NaN	NaN
NaN	57	NaN	NaN
NaN	59	NaN	NaN
NaN	59	NaN	NaN
NaN	61	NaN	NaN
NaN	61	NaN	NaN
NaN	59	NaN	NaN
NaN	59	NaN	NaN
NaN	57	NaN	NaN
NaN	57	NaN	NaN
NaN	59	NaN	NaN
NaN	59	NaN	NaN
NaN	61	NaN	NaN
NaN	61	NaN	NaN
NaN	61	NaN	NaN
NaN	61	NaN	NaN
NaN	61	NaN	NaN
NaN	61	NaN	NaN
NaN	61	NaN	NaN
NaN	61	NaN	NaN
NaN	61	NaN	NaN
NaN	61	NaN	NaN
NaN	59	NaN	NaN
NaN	58	NaN	NaN
NaN	59	NaN	NaN
NaN	59	NaN	NaN
NaN	61	NaN	NaN
NaN	61	NaN	NaN
NaN	62	NaN	NaN
NaN	62	NaN	NaN
NaN	62	NaN	NaN
NaN	62	NaN	NaN
NaN	62	NaN	NaN
NaN	62	NaN	NaN
NaN	62	NaN	NaN
NaN	62	NaN	NaN
NaN	62	NaN	NaN
NaN	62	NaN	NaN
NaN	61	NaN	NaN
NaN	61	NaN	NaN
NaN	59	NaN	NaN
NaN	59	NaN	NaN
NaN	57	NaN	NaN
NaN	57	NaN	NaN
NaN	56	NaN	NaN
NaN	56	NaN	NaN
NaN	54	NaN	NaN
NaN	54	NaN	NaN
NaN	56	NaN	NaN
NaN	56	NaN	NaN
NaN	59	NaN	NaN
NaN	59	NaN	NaN
NaN	57	NaN	NaN
NaN	57	NaN	NaN
NaN	56	NaN	NaN
NaN	56	NaN	NaN
NaN	54	NaN	NaN
NaN	54	NaN	NaN
NaN	52	NaN	NaN
NaN	52	NaN	NaN
NaN	51	NaN	NaN
NaN	51	NaN	NaN
NaN	49	NaN	NaN
NaN	49	NaN	NaN
NaN	51	NaN	NaN
NaN	51	NaN	NaN
NaN	54	NaN	NaN
NaN	54	NaN	NaN
NaN	52	NaN	NaN
NaN	52	NaN	NaN
NaN	51	NaN	NaN
NaN	51	NaN	NaN
64	49	NaN	NaN
64	49	NaN	NaN
66	48	NaN	NaN
66	48	NaN	NaN
64	49	NaN	NaN
64	49	NaN	NaN
63	49	NaN	NaN
63	49	NaN	NaN
61	51	NaN	NaN
61	51	NaN	NaN
60	51	NaN	NaN
60	51	NaN	NaN
61	52	NaN	NaN
61	52	NaN	NaN
56	52	NaN	NaN
56	52	NaN	NaN
61	52	NaN	NaN
61	52	NaN	NaN
63	54	NaN	NaN
63	54	NaN	NaN
64	56	NaN	NaN
64	56	NaN	NaN
63	56	NaN	NaN
63	56	NaN	NaN
61	58	NaN	NaN
61	58	NaN	NaN
64	58	NaN	NaN
64	58	NaN	NaN
63	59	NaN	NaN
63	59	NaN	NaN
56	59	NaN	NaN
56	59	NaN	NaN
63	60	NaN	NaN
63	60	NaN	NaN
64	60	NaN	NaN
64	60	NaN	NaN
66	60	NaN	NaN
66	60	NaN	NaN
64	60	NaN	NaN
63	60	NaN	NaN
64	61	NaN	NaN
64	61	NaN	NaN
66	61	NaN	NaN
66	61	NaN	NaN
68	61	NaN	NaN
68	61	NaN	NaN
66	57	NaN	NaN
66	57	NaN	NaN
64	56	NaN	NaN
64	56	NaN	NaN
66	54	NaN	NaN
66	54	NaN	NaN
68	52	NaN	NaN
68	52	NaN	NaN
68	51	NaN	NaN
68	51	NaN	NaN
68	49	NaN	NaN
68	49	NaN	NaN
68	47	NaN	NaN
68	47	NaN	NaN
68	45	NaN	NaN
68	45	NaN	NaN
66	59	NaN	NaN
65	59	NaN	NaN
66	57	NaN	NaN
66	57	NaN	NaN
68	56	NaN	NaN
68	56	NaN	NaN
69	54	NaN	NaN
69	54	NaN	NaN
69	52	NaN	NaN
69	52	NaN	NaN
69	51	NaN	NaN
69	51	NaN	NaN
69	49	NaN	NaN
69	49	NaN	NaN
69	48	NaN	NaN
69	48	NaN	NaN
68	48	NaN	NaN
68	48	NaN	NaN
66	49	NaN	NaN
66	49	NaN	NaN
64	49	NaN	NaN
64	49	NaN	NaN
63	49	NaN	NaN
63	49	NaN	NaN
61	49	NaN	NaN
61	49	NaN	NaN
63	48	NaN	NaN
63	48	NaN	NaN
66	48	NaN	NaN
66	48	NaN	NaN
64	49	NaN	NaN
64	49	NaN	NaN
73	49	NaN	NaN
73	49	NaN	NaN
71	51	NaN	NaN
71	51	NaN	NaN
69	51	NaN	NaN
69	51	NaN	NaN
68	52	NaN	NaN
68	52	NaN	NaN
66	52	NaN	NaN
66	52	NaN	NaN
68	53	NaN	NaN
68	53	NaN	NaN
71	53	NaN	NaN
71	53	NaN	NaN
69	54	NaN	NaN
69	54	NaN	NaN
68	54	NaN	NaN
68	54	NaN	NaN
66	61	NaN	45
66	61	NaN	45
65	61	NaN	47
65	61	NaN	47
66	61	NaN	45
66	61	NaN	45
66	61	NaN	44
66	61	NaN	44
68	59	NaN	42
68	59	NaN	42
68	59	NaN	41
68	59	NaN	41
61	59	NaN	42
61	59	NaN	42
61	59	NaN	37
61	59	NaN	37
61	57	NaN	42
61	57	NaN	42
61	56	NaN	44
61	56	NaN	44
61	54	NaN	45
61	54	NaN	45
61	54	NaN	44
61	54	NaN	44
63	59	NaN	42
63	59	NaN	42
63	59	NaN	45
63	59	NaN	45
64	59	NaN	44
64	59	NaN	44
64	57	NaN	37
64	57	NaN	37
65	59	NaN	44
65	59	NaN	44
65	61	NaN	45
65	61	NaN	45
65	62	NaN	47
65	62	NaN	47
65	61	NaN	45
65	59	NaN	44
66	61	NaN	45
66	61	NaN	45
68	62	NaN	47
68	62	NaN	47
69	53	NaN	49
69	53	NaN	49
74	53	NaN	47
74	53	NaN	47
73	54	NaN	45
73	54	NaN	45
71	54	NaN	47
71	54	NaN	47
69	54	NaN	49
69	54	NaN	49
68	53	NaN	49
68	53	NaN	49
66	57	NaN	49
66	57	NaN	49
64	56	NaN	49
64	56	NaN	49
62	54	NaN	49
62	54	NaN	49
76	54	NaN	47
76	54	NaN	46
74	54	NaN	47
74	54	NaN	47
73	54	NaN	49
73	54	NaN	49
71	54	NaN	50
71	54	NaN	50
69	61	NaN	50
69	61	NaN	50
68	59	NaN	50
68	59	NaN	50
66	57	NaN	50
66	57	NaN	50
65	56	NaN	50
65	56	NaN	50
65	56	NaN	49
65	56	NaN	49
66	61	NaN	47
66	61	NaN	47
66	61	NaN	45
66	61	NaN	45
66	59	NaN	44
66	59	NaN	44
66	59	NaN	42
66	59	NaN	42
65	62	NaN	44
65	62	NaN	44
65	62	NaN	47
65	62	NaN	47
66	61	NaN	45
66	61	NaN	45
66	61	NaN	44
66	61	NaN	44
68	61	NaN	42
68	61	NaN	42
68	61	NaN	40
68	61	NaN	40
69	61	NaN	39
69	61	NaN	39
69	61	NaN	37
69	61	NaN	37
69	60	NaN	39
69	60	NaN	39
69	60	NaN	42
69	60	NaN	42
68	61	NaN	40
68	61	NaN	40
68	61	NaN	40
68	61	NaN	40
73	61	52	40
73	61	52	40
73	61	54	40
73	61	54	40
68	NaN	52	NaN
68	NaN	52	NaN
68	NaN	51	NaN
68	NaN	51	NaN
66	56	49	44
66	56	49	44
66	56	48	44
66	56	48	44
66	56	49	37
66	56	49	37
66	56	44	37
66	56	44	37
64	56	49	37
64	56	49	37
66	56	51	37
66	56	51	37
68	NaN	52	NaN
68	NaN	52	NaN
68	NaN	51	NaN
68	NaN	51	NaN
69	61	49	49
69	61	49	49
69	61	52	49
69	61	52	49
69	66	51	49
69	66	51	49
69	66	44	49
69	66	44	49
68	66	51	48
68	66	51	48
68	64	52	48
68	64	52	48
68	63	54	48
68	63	54	48
68	63	52	48
68	63	51	48
68	61	52	49
68	61	52	49
63	60	54	49
63	60	54	49
64	61	56	49
64	61	56	49
64	61	54	45
64	61	54	45
NaN	NaN	52	44
NaN	NaN	52	44
NaN	NaN	54	42
NaN	NaN	54	42
NaN	NaN	56	40
NaN	NaN	56	40
NaN	NaN	56	39
NaN	NaN	56	39
NaN	64	56	37
NaN	64	56	37
NaN	64	56	35
NaN	64	56	35
NaN	61	56	33
NaN	61	56	33
NaN	61	54	47
NaN	61	53	47
NaN	61	54	45
NaN	61	54	45
NaN	61	56	44
NaN	61	56	44
NaN	61	57	42
NaN	61	57	42
NaN	61	57	40
NaN	61	57	40
NaN	60	57	39
NaN	60	57	39
NaN	61	57	37
NaN	61	57	37
NaN	63	57	36
NaN	63	57	36
NaN	68	56	36
NaN	68	56	36
NaN	61	54	37
NaN	61	54	37
NaN	61	52	37
NaN	61	52	37
NaN	61	51	44
NaN	61	51	44
NaN	61	49	44
NaN	61	49	44
NaN	60	51	32
NaN	60	51	32
NaN	60	54	32
NaN	60	54	32
NaN	61	52	37
NaN	61	52	37
NaN	61	52	49
NaN	61	52	49
NaN	NaN	52	47
NaN	NaN	52	47
NaN	NaN	52	45
NaN	NaN	52	45
NaN	NaN	53	44
NaN	NaN	53	44
NaN	NaN	53	42
NaN	NaN	53	42
NaN	NaN	53	44
NaN	NaN	53	44
NaN	NaN	53	47
NaN	NaN	53	47
NaN	NaN	54	45
NaN	NaN	54	45
73	NaN	54	45
73	NaN	54	45
71	NaN	54	47
71	NaN	54	47
69	NaN	54	47
69	NaN	54	47
68	NaN	54	49
68	NaN	54	49
66	NaN	54	49
66	NaN	54	49
68	NaN	52	49
68	NaN	52	49
71	NaN	52	49
71	NaN	52	49
70	NaN	52	42
70	NaN	52	42
70	66	50	42
70	66	50	42
71	64	49	42
71	64	49	42
71	62	47	42
71	62	47	42
71	61	54	NaN
71	61	54	NaN
71	59	54	NaN
71	59	54	NaN
69	61	54	42
69	61	54	42
69	64	54	42
69	64	54	42
69	63	54	47
69	63	54	47
71	63	56	47
71	63	56	47
69	64	54	47
69	64	54	47
68	64	52	47
68	64	52	47
66	64	59	NaN
66	64	59	NaN
64	64	59	NaN
64	64	59	NaN
66	62	NaN	47
66	62	NaN	47
69	62	NaN	47
69	62	NaN	47
68	62	NaN	40
68	62	NaN	40
68	59	52	40
68	59	52	40
69	61	50	40
69	61	50	40
69	61	49	40
69	61	49	40
69	62	47	NaN
69	62	47	NaN
69	62	45	NaN
69	62	45	NaN
68	59	47	40
68	59	47	40
66	59	50	40
66	59	50	40
68	59	49	41
68	59	49	41
68	61	49	41
68	61	49	41
NaN	59	49	42
NaN	59	49	42
NaN	57	49	42
NaN	57	49	42
NaN	56	47	42
NaN	56	47	42
NaN	54	45	42
NaN	54	45	42
NaN	56	44	41
NaN	56	44	41
NaN	59	44	41
NaN	59	44	41
NaN	57	42	42
NaN	57	42	42
NaN	61	42	42
NaN	61	42	42
69	54	49	42
69	54	49	42
71	54	49	42
71	54	49	42
69	NaN	50	42
69	NaN	50	42
68	NaN	50	42
68	NaN	50	42
66	NaN	50	44
66	NaN	50	44
65	NaN	50	44
65	NaN	50	44
66	NaN	49	45
66	NaN	49	45
61	NaN	49	45
61	NaN	49	45
66	NaN	51	45
66	NaN	51	45
68	NaN	53	45
68	NaN	53	45
69	NaN	54	42
69	NaN	54	42
68	NaN	54	42
68	NaN	54	42
66	NaN	54	42
66	NaN	54	42
69	NaN	54	42
69	NaN	54	42
68	NaN	54	49
68	NaN	54	49
61	NaN	54	49
61	NaN	54	49
68	NaN	53	49
68	NaN	53	49
69	NaN	54	49
69	NaN	54	49
71	NaN	56	49
71	NaN	56	49
69	NaN	56	49
68	NaN	56	49
69	NaN	56	47
69	NaN	56	47
71	NaN	56	47
71	NaN	56	47
73	NaN	56	45
73	NaN	56	45
71	NaN	49	45
71	NaN	49	45
69	NaN	54	45
69	NaN	54	45
71	NaN	54	45
71	NaN	54	45
73	NaN	54	45
73	NaN	54	45
73	NaN	52	45
73	NaN	52	45
73	NaN	50	45
73	NaN	50	45
73	NaN	49	45
73	NaN	49	45
73	NaN	50	47
73	NaN	50	47
71	NaN	54	47
70	NaN	54	47
71	NaN	55	47
71	NaN	55	47
73	NaN	55	47
73	NaN	55	47
74	NaN	55	47
74	NaN	55	47
74	NaN	54	47
74	NaN	54	47
74	NaN	53	47
74	NaN	53	47
74	NaN	54	47
74	NaN	54	47
74	NaN	53	49
74	NaN	53	49
73	NaN	53	49
73	NaN	53	49
71	NaN	54	49
71	NaN	54	49
69	NaN	54	49
69	NaN	54	49
68	NaN	54	49
68	NaN	54	49
66	NaN	54	49
66	NaN	54	49
68	NaN	52	49
68	NaN	52	49
71	NaN	52	49
71	NaN	52	49
69	NaN	52	42
69	NaN	52	42
68	NaN	52	42
68	NaN	52	42
66	NaN	51	42
66	NaN	51	42
64	NaN	49	42
64	NaN	49	42
63	NaN	48	44
63	NaN	48	44
61	NaN	46	44
61	NaN	46	44
63	NaN	48	44
63	NaN	48	44
66	NaN	51	44
66	NaN	51	44
64	NaN	49	37
64	NaN	49	37
64	NaN	56	37
64	NaN	56	37
63	NaN	54	NaN
63	NaN	54	NaN
61	NaN	52	NaN
61	NaN	52	NaN
60	NaN	51	NaN
60	NaN	51	NaN
58	NaN	49	NaN
58	NaN	49	NaN
60	NaN	51	NaN
60	NaN	51	NaN
63	NaN	54	NaN
63	NaN	54	NaN
56	NaN	52	NaN
56	NaN	52	NaN
56	NaN	52	44
56	NaN	52	44
61	NaN	56	42
61	NaN	56	42
61	NaN	56	40
61	NaN	56	40
61	NaN	54	39
61	NaN	54	39
61	NaN	54	37
61	NaN	54	37
60	NaN	57	39
60	NaN	57	39
60	NaN	57	42
60	NaN	57	42
61	NaN	56	40
61	NaN	56	40
61	NaN	56	39
61	NaN	56	39
68	64	NaN	37
68	64	NaN	37
68	66	NaN	36
68	66	NaN	36
68	64	NaN	37
68	64	NaN	37
68	63	NaN	37
68	63	NaN	37
66	61	NaN	39
66	61	NaN	39
66	60	NaN	39
66	60	NaN	39
66	61	NaN	40
66	61	NaN	40
66	56	NaN	40
66	56	NaN	40
64	61	NaN	45
64	61	NaN	45
66	63	NaN	45
66	63	NaN	45
68	64	49	45
68	64	49	45
68	63	49	45
68	63	49	45
67	61	49	46
67	61	49	46
67	64	49	46
67	64	49	46
68	63	56	47
68	63	56	47
68	56	56	47
68	56	56	47
NaN	63	56	48
NaN	63	56	48
NaN	64	56	48
NaN	64	56	48
NaN	66	56	48
NaN	66	56	48
NaN	64	56	48
NaN	63	56	48
NaN	64	56	49
NaN	64	56	49
NaN	66	54	49
NaN	66	54	49
NaN	68	52	49
NaN	68	52	49
NaN	66	52	44
NaN	66	52	44
NaN	64	52	49
NaN	64	52	49
NaN	66	52	51
NaN	66	52	51
NaN	68	52	52
NaN	68	52	52
NaN	68	52	51
NaN	68	52	51
NaN	68	52	49
NaN	68	52	49
NaN	68	52	47
NaN	68	52	47
NaN	68	54	46
NaN	68	54	46
NaN	66	54	49
NaN	65	54	49
NaN	66	54	51
NaN	66	54	51
NaN	68	54	53
NaN	68	54	53
NaN	69	54	54
NaN	69	54	54
NaN	69	54	52
NaN	69	54	52
NaN	69	54	51
NaN	69	54	51
NaN	69	54	49
NaN	69	54	49
NaN	69	56	48
NaN	69	56	48
NaN	68	56	48
NaN	68	56	48
NaN	66	56	49
NaN	66	56	49
NaN	64	56	49
NaN	64	56	49
NaN	63	56	49
NaN	63	56	49
NaN	61	56	49
NaN	61	56	49
NaN	63	56	48
NaN	63	56	48
NaN	66	56	48
NaN	66	56	48
NaN	64	49	49
NaN	64	49	49
NaN	64	61	49
NaN	64	61	49
NaN	64	59	51
NaN	64	59	51
NaN	64	57	51
NaN	64	57	51
NaN	64	56	52
NaN	64	56	52
NaN	64	54	52
NaN	64	54	52
NaN	64	56	49
NaN	64	56	49
NaN	64	59	49
NaN	64	59	49
NaN	64	57	42
NaN	64	57	42
NaN	66	57	42
NaN	66	57	42
NaN	64	57	44
NaN	64	57	44
NaN	62	57	44
NaN	62	57	44
NaN	61	57	45
NaN	61	57	45
NaN	59	57	45
NaN	59	57	45
NaN	61	57	42
NaN	61	57	42
NaN	64	57	42
NaN	64	57	42
NaN	62	57	47
NaN	62	57	47
NaN	62	59	47
NaN	62	59	47
NaN	62	57	49
NaN	62	57	49
NaN	62	56	49
NaN	62	56	49
NaN	62	54	50
NaN	62	54	50
NaN	62	52	50
NaN	62	52	50
NaN	62	54	47
NaN	62	54	47
NaN	62	57	47
NaN	62	57	47
NaN	62	56	40
NaN	62	56	40
NaN	64	56	40
NaN	64	56	40
NaN	62	NaN	42
NaN	62	NaN	42
NaN	61	NaN	42
NaN	61	NaN	42
NaN	59	NaN	44
NaN	59	NaN	44
NaN	57	NaN	44
NaN	57	NaN	44
NaN	59	NaN	40
NaN	59	NaN	40
NaN	62	NaN	40
NaN	62	NaN	40
NaN	61	NaN	45
NaN	61	NaN	45
NaN	62	NaN	45
NaN	62	NaN	45
NaN	61	NaN	47
NaN	61	NaN	47
NaN	59	NaN	47
NaN	59	NaN	47
NaN	57	NaN	49
NaN	57	NaN	49
NaN	56	NaN	49
NaN	56	NaN	49
NaN	57	NaN	45
NaN	57	NaN	45
NaN	61	NaN	45
NaN	61	NaN	45
NaN	54	NaN	38
NaN	54	NaN	38
NaN	56	NaN	38
NaN	56	NaN	38
NaN	57	49	38
NaN	57	49	38
NaN	57	50	38
NaN	57	50	38
NaN	57	49	40
NaN	57	49	40
NaN	56	47	40
NaN	56	47	40
NaN	62	45	40
NaN	62	45	40
NaN	62	44	40
NaN	62	44	40
NaN	62	45	33
NaN	62	45	33
NaN	62	40	33
NaN	62	40	33
NaN	61	45	33
NaN	61	45	33
NaN	59	47	33
NaN	59	47	33
NaN	57	49	NaN
NaN	57	49	NaN
NaN	61	47	NaN
NaN	61	47	NaN
NaN	54	45	45
NaN	54	45	45
NaN	54	49	45
NaN	54	49	45
NaN	54	47	44
NaN	54	47	44
NaN	59	40	44
NaN	59	40	44
NaN	52	47	43
NaN	52	47	43
NaN	52	49	43
NaN	52	49	43
57	54	50	42
57	54	50	42
57	54	49	42
57	54	47	42
57	54	49	42
57	54	49	42
57	54	50	42
57	54	50	42
64	56	52	49
64	56	52	49
64	56	50	49
64	56	50	49
64	57	49	49
64	57	49	49
64	59	50	49
64	59	50	49
64	61	52	49
64	61	52	49
64	61	52	47
64	61	52	47
62	59	52	45
62	59	52	45
62	59	52	44
62	59	52	44
61	59	52	45
61	59	52	45
61	59	50	45
61	59	49	45
61	57	50	45
61	57	50	45
61	56	52	45
61	56	52	45
61	57	54	45
61	57	54	45
61	57	54	42
61	57	54	42
61	57	54	44
61	57	54	44
61	57	54	45
61	57	54	45
62	57	54	47
62	57	54	47
62	55	52	47
62	55	52	47
62	57	50	42
62	57	50	42
62	57	49	42
62	57	49	42
62	57	47	43
62	57	47	43
62	54	45	43
62	54	45	43
62	55	47	43
62	55	47	43
62	59	50	43
62	59	50	43
64	52	49	43
64	52	49	43
64	52	49	45
64	52	49	45
64	52	49	43
64	52	49	43
64	54	49	42
64	54	49	42
64	55	49	40
64	55	49	40
64	55	49	38
64	55	49	38
64	55	49	40
64	55	49	40
64	55	49	43
64	55	49	43
57	55	49	42
57	55	49	42
57	55	45	42
57	55	45	42
57	54	47	42
57	54	47	42
57	52	49	42
57	52	49	42
57	54	50	42
57	54	50	42
58	54	50	42
58	54	50	42
59	54	50	44
59	54	50	44
61	54	50	46
61	54	50	46
62	54	50	47
62	54	50	47
62	54	52	47
62	54	52	47
62	56	50	47
62	56	50	47
62	58	49	47
62	58	49	47
62	59	47	47
62	59	47	47
63	59	47	45
63	59	47	45
64	59	47	43
64	59	47	43
66	59	47	42
66	59	47	42
67	59	47	40
67	59	47	40
67	66	47	40
67	66	47	40
67	64	47	40
67	64	47	40
67	62	47	40
67	62	47	40
67	61	52	NaN
67	61	52	NaN
67	59	52	NaN
67	59	52	NaN
67	61	52	40
67	61	52	40
67	64	52	40
67	64	52	40
67	58	52	42
67	58	52	42
67	58	55	42
67	58	55	42
61	58	54	42
61	58	54	42
61	58	52	42
61	58	52	42
66	58	50	NaN
66	58	50	NaN
66	58	49	NaN
66	58	49	NaN
66	58	50	42
66	58	50	42
66	58	54	42
66	58	54	42
66	59	47	43
66	59	47	43
66	61	47	43
66	61	47	43
66	59	50	44
66	59	50	44
66	57	49	44
66	57	49	44
65	56	47	44
65	56	47	44
65	54	45	44
65	54	45	44
65	56	44	37
65	56	44	37
65	59	44	37
65	59	44	37
66	58	42	42
66	58	42	42
66	58	54	42
66	58	54	42
66	59	52	NaN
66	59	52	NaN
66	59	50	NaN
66	59	50	NaN
64	59	49	NaN
64	59	49	NaN
64	59	47	NaN
64	59	47	NaN
64	58	49	NaN
64	58	49	NaN
64	61	52	NaN
64	61	52	NaN
64	54	50	NaN
64	54	50	NaN
64	58	55	NaN
64	58	55	NaN
62	59	54	38
62	59	54	38
61	58	54	40
61	58	54	40
62	59	54	38
62	59	54	38
62	59	54	37
62	59	54	37
67	64	NaN	35
67	64	NaN	35
67	64	NaN	34
67	64	NaN	34
66	64	NaN	35
66	64	NaN	35
66	64	NaN	30
66	64	NaN	30
68	62	NaN	35
68	62	NaN	35
70	62	NaN	37
70	62	NaN	37
71	NaN	NaN	38
71	NaN	NaN	38
71	69	NaN	37
71	69	NaN	37
71	67	NaN	35
71	67	NaN	35
71	66	NaN	38
71	66	NaN	38
71	64	NaN	37
71	64	NaN	37
71	63	NaN	30
71	63	NaN	30
69	64	NaN	37
69	64	NaN	37
69	66	NaN	39
69	66	NaN	39
69	59	NaN	40
69	59	NaN	40
67	59	NaN	39
67	59	NaN	37
66	59	45	39
66	59	45	39
64	59	45	40
64	59	45	40
63	66	45	42
63	66	45	42
61	66	43	40
61	66	43	40
59	66	42	39
59	66	42	39
59	66	43	40
59	66	43	40
66	66	45	42
66	66	45	42
66	66	47	42
66	66	47	42
66	64	48	42
66	64	48	42
66	64	45	42
66	64	45	42
71	63	47	42
71	63	47	42
71	63	47	40
71	63	47	39
71	63	47	40
71	63	47	40
71	63	47	42
71	63	47	42
71	63	47	43
71	63	47	43
71	63	47	43
71	63	47	43
69	63	51	43
69	63	51	43
69	63	54	43
69	63	54	43
67	64	59	43
67	64	59	43
67	64	62	42
67	64	62	42
67	64	60	40
67	64	60	40
67	64	59	38
67	64	59	38
67	64	58	37
67	64	58	37
67	64	58	35
67	64	58	35
67	64	58	37
67	64	58	37
67	64	59	40
67	64	59	40
69	66	60	39
69	66	60	39
69	66	47	39
69	66	47	39
69	66	45	40
69	66	45	40
69	66	43	40
69	66	43	40
69	66	42	40
69	66	42	40
69	66	40	40
69	66	40	40
69	66	42	38
69	66	42	38
69	66	45	38
69	66	45	38
71	59	44	38
71	59	44	38
71	59	44	40
71	59	44	40
71	61	44	38
71	61	44	38
71	61	44	37
71	61	44	37
71	62	44	35
71	62	44	35
71	62	44	34
71	62	44	34
71	62	44	35
71	62	44	35
71	62	44	38
71	62	44	38
64	62	46	37
64	62	46	37
64	62	46	42
64	62	46	42
64	61	NaN	40
64	61	NaN	40
64	59	NaN	38
64	59	NaN	38
64	58	NaN	37
64	58	NaN	37
64	56	NaN	35
64	56	NaN	35
64	58	NaN	37
64	58	NaN	37
64	61	NaN	40
64	61	NaN	40
64	54	NaN	38
64	54	NaN	38
58	54	42	38
58	54	42	38
59	54	44	38
59	54	44	38
61	54	46	38
61	54	46	38
62	NaN	47	NaN
62	NaN	47	NaN
64	NaN	47	NaN
64	NaN	47	NaN
62	NaN	47	35
62	NaN	47	35
59	NaN	47	35
59	NaN	47	35
67	NaN	47	40
67	NaN	47	40
67	66	47	40
67	66	47	40
67	64	49	40
67	64	49	40
67	62	50	40
67	62	50	40
67	61	52	NaN
67	61	52	NaN
67	59	54	NaN
67	59	54	NaN
67	61	52	40
67	61	52	40
67	64	50	40
67	64	50	40
67	58	49	40
67	58	49	40
67	58	49	37
67	58	49	37
66	58	NaN	38
66	58	NaN	38
64	58	NaN	40
64	58	NaN	40
62	58	NaN	42
62	58	NaN	42
61	58	NaN	43
61	58	NaN	43
62	58	NaN	42
62	58	NaN	42
66	58	NaN	38
66	58	NaN	38
59	59	NaN	43
59	59	NaN	43
59	57	NaN	43
59	57	NaN	43
59	55	50	40
59	55	50	40
61	55	50	40
61	55	50	40
58	54	49	42
58	54	49	42
58	54	47	42
58	54	47	42
58	52	49	42
58	52	49	42
59	52	49	42
59	52	49	42
59	52	47	35
59	52	47	35
59	52	47	35
59	52	47	35
59	50	47	35
59	50	47	35
59	50	47	35
59	50	47	35
NaN	NaN	50	NaN
NaN	NaN	50	NaN
NaN	NaN	50	NaN
NaN	NaN	50	NaN
NaN	NaN	50	NaN
NaN	NaN	50	NaN
NaN	NaN	50	NaN
NaN	NaN	50	NaN
NaN	NaN	49	NaN
NaN	NaN	49	NaN
NaN	NaN	49	NaN
NaN	NaN	49	NaN
NaN	NaN	49	NaN
NaN	NaN	49	NaN
NaN	NaN	49	NaN
NaN	NaN	49	NaN
NaN	NaN	52	NaN
NaN	NaN	52	NaN
NaN	NaN	52	NaN
NaN	NaN	52	NaN
NaN	NaN	52	NaN
NaN	NaN	52	NaN
NaN	NaN	52	NaN
NaN	NaN	52	NaN
NaN	NaN	51	NaN
NaN	NaN	51	NaN
NaN	NaN	51	NaN
NaN	NaN	51	NaN
NaN	NaN	51	NaN
NaN	NaN	51	NaN
NaN	NaN	53	NaN
NaN	NaN	53	NaN
NaN	57	54	NaN
NaN	57	54	NaN
NaN	57	54	NaN
NaN	57	54	NaN
NaN	57	54	NaN
NaN	57	54	NaN
NaN	57	54	NaN
NaN	57	54	NaN
NaN	56	54	NaN
NaN	56	54	NaN
NaN	56	54	NaN
NaN	56	54	NaN
NaN	56	54	NaN
NaN	56	54	NaN
NaN	56	53	NaN
NaN	56	51	NaN
NaN	59	53	NaN
NaN	59	53	NaN
NaN	59	53	NaN
NaN	59	53	NaN
NaN	59	53	NaN
NaN	59	53	NaN
NaN	59	53	NaN
NaN	59	53	NaN
NaN	58	54	NaN
NaN	58	54	NaN
NaN	58	54	NaN
NaN	58	54	NaN
NaN	58	54	NaN
NaN	58	54	NaN
NaN	60	54	NaN
NaN	60	54	NaN
NaN	61	NaN	NaN
NaN	61	NaN	NaN
NaN	61	NaN	NaN
NaN	61	NaN	NaN
NaN	61	55	NaN
NaN	61	55	NaN
NaN	61	55	NaN
NaN	61	55	NaN
NaN	61	56	NaN
NaN	61	56	NaN
NaN	61	56	NaN
NaN	61	56	NaN
NaN	61	51	NaN
NaN	61	51	NaN
NaN	60	51	NaN
NaN	58	51	NaN
NaN	60	56	NaN
NaN	60	56	NaN
NaN	60	56	NaN
NaN	60	56	NaN
NaN	60	54	NaN
NaN	60	54	NaN
NaN	60	54	NaN
NaN	60	54	NaN
NaN	61	52	NaN
NaN	61	52	NaN
NaN	61	52	NaN
NaN	61	52	NaN
NaN	56	52	NaN
NaN	56	52	NaN
NaN	56	52	NaN
NaN	56	52	NaN
NaN	61	NaN	NaN
NaN	61	NaN	NaN
NaN	61	NaN	NaN
NaN	61	NaN	NaN
NaN	59	53	NaN
NaN	59	53	NaN
NaN	59	53	NaN
NaN	59	53	NaN
NaN	57	54	NaN
NaN	57	54	NaN
NaN	57	54	NaN
NaN	57	54	NaN
NaN	57	49	NaN
NaN	57	49	NaN
NaN	57	49	NaN
NaN	57	49	NaN
NaN	NaN	54	NaN
NaN	NaN	54	NaN
NaN	NaN	54	NaN
NaN	NaN	54	NaN
NaN	58	52	NaN
NaN	58	52	NaN
NaN	58	52	NaN
NaN	58	52	NaN
NaN	59	50	NaN
NaN	59	50	NaN
NaN	59	50	NaN
NaN	59	50	NaN
NaN	54	50	NaN
NaN	54	50	NaN
NaN	54	49	NaN
NaN	54	49	NaN
62	59	47	NaN
62	59	47	NaN
62	59	49	NaN
62	59	49	NaN
62	57	50	NaN
62	57	50	NaN
62	57	47	NaN
62	57	47	NaN
61	56	52	NaN
61	56	52	NaN
61	56	50	NaN
61	56	50	NaN
61	58	49	NaN
61	58	49	NaN
61	59	47	NaN
61	59	47	NaN
64	61	46	NaN
64	61	46	NaN
64	61	44	NaN
64	61	44	NaN
64	61	46	NaN
64	61	46	NaN
64	61	42	NaN
64	61	42	NaN
63	61	47	NaN
63	61	47	NaN
63	61	47	NaN
63	61	47	NaN
63	59	44	NaN
63	59	44	NaN
65	59	44	NaN
65	59	44	NaN
66	61	45	45
66	61	45	45
66	61	45	45
66	61	45	45
66	54	47	45
66	54	47	45
66	54	49	45
66	54	49	45
66	59	50	44
66	59	50	44
66	59	49	44
66	59	49	44
66	59	47	44
66	59	47	44
65	57	49	44
63	57	49	44
65	56	50	47
65	56	50	47
65	56	44	47
65	56	44	47
65	56	49	47
65	56	49	47
65	56	49	47
65	56	49	47
66	54	49	46
66	54	49	46
66	54	49	46
66	54	49	46
NaN	NaN	54	46
NaN	NaN	54	46
NaN	NaN	54	48
NaN	NaN	54	48
NaN	NaN	54	49
NaN	NaN	54	49
NaN	NaN	54	49
NaN	NaN	54	49
67	NaN	52	49
67	NaN	52	49
67	NaN	52	49
67	NaN	52	49
68	NaN	51	49
68	NaN	51	49
68	NaN	51	49
68	NaN	51	49
63	NaN	56	49
63	NaN	56	49
63	NaN	56	48
63	NaN	56	46
68	NaN	56	48
68	NaN	56	48
68	NaN	56	48
68	NaN	56	48
66	63	56	48
66	63	56	48
66	63	56	48
66	63	56	48
64	63	56	49
64	63	56	49
64	63	56	49
64	63	56	49
64	56	NaN	49
64	56	NaN	49
64	56	NaN	49
64	56	NaN	49
65	61	NaN	NaN
65	61	NaN	NaN
65	61	NaN	NaN
65	61	NaN	NaN
65	59	NaN	49
65	59	NaN	49
65	59	NaN	49
65	59	NaN	49
66	57	NaN	50
66	57	NaN	50
66	57	NaN	50
66	57	NaN	50
61	57	NaN	45
61	57	NaN	45
61	57	NaN	45
61	57	NaN	45
66	57	NaN	50
66	57	NaN	50
66	57	NaN	50
66	57	NaN	50
66	59	NaN	49
66	59	NaN	49
66	57	NaN	49
66	57	NaN	49
66	56	NaN	48
66	56	NaN	48
66	56	NaN	48
66	56	NaN	48
64	56	NaN	44
64	56	NaN	44
63	56	NaN	44
63	56	NaN	44
64	56	NaN	49
64	56	NaN	49
64	54	NaN	49
64	54	NaN	49
64	55	NaN	47
64	55	NaN	47
64	52	NaN	47
64	52	NaN	47
64	54	NaN	46
64	54	NaN	46
64	54	NaN	46
64	54	NaN	46
62	54	NaN	42
62	54	NaN	42
61	54	NaN	42
61	54	NaN	42
62	54	50	47
62	54	50	47
62	54	50	47
62	54	50	47
59	56	50	47
59	56	50	47
59	54	50	47
59	54	50	47
61	53	49	47
61	53	49	47
61	53	49	47
61	53	49	47
73	56	49	47
73	56	49	47
73	56	49	47
73	56	49	47
73	61	52	46
73	61	52	46
73	61	52	46
73	61	52	46
66	61	52	46
66	61	52	46
66	61	52	46
66	61	52	46
66	61	51	47
66	61	51	47
66	54	51	47
66	54	51	47
68	59	51	47
68	59	51	47
68	59	53	47
68	59	53	47
69	NaN	54	NaN
69	NaN	54	NaN
69	NaN	54	NaN
69	NaN	54	NaN
69	NaN	54	48
69	NaN	54	48
69	NaN	54	48
69	NaN	54	48
68	NaN	54	49
68	NaN	54	49
68	NaN	54	49
68	NaN	54	49
68	NaN	54	44
68	NaN	54	44
68	NaN	53	44
68	NaN	51	44
68	56	53	49
68	56	53	49
65	56	53	49
65	56	53	49
66	56	53	47
66	56	53	47
68	56	53	47
68	56	53	47
61	57	54	45
61	57	54	45
61	57	54	45
61	57	54	45
61	57	54	42
61	57	54	42
61	57	52	42
61	57	52	42
61	54	51	47
61	54	51	47
61	54	51	47
61	54	51	47
59	54	49	47
59	54	49	47
58	54	49	47
58	54	49	47
59	55	50	47
59	55	50	47
59	55	50	49
59	55	50	49
59	55	50	47
59	55	50	47
59	54	50	45
59	54	50	45
59	53	50	44
59	53	50	44
59	53	49	44
59	53	49	44
59	53	50	44
59	53	50	44
59	53	47	44
59	53	47	44
59	53	49	45
59	53	49	45
59	53	49	47
59	53	49	47
59	53	49	45
59	53	49	45
59	53	49	44
59	53	49	44
57	54	49	42
57	54	49	42
56	54	50	42
56	54	50	42
57	54	49	42
57	54	49	42
57	54	48	42
57	54	48	42
56	54	49	37
56	54	49	37
56	54	49	37
56	54	49	37
NaN	53	NaN	49
NaN	53	NaN	49
NaN	53	NaN	49
NaN	53	NaN	49
62	54	NaN	49
62	54	NaN	49
62	54	NaN	49
62	54	NaN	49
62	56	50	47
62	56	50	47
62	56	50	47
62	56	50	47
61	57	52	45
61	57	52	45
61	57	52	45
61	57	52	45
61	56	54	45
61	56	54	45
61	57	54	45
61	57	54	45
64	59	56	44
64	59	56	44
64	59	56	44
64	59	56	44
64	59	57	44
64	59	57	44
64	59	56	44
64	59	56	44
63	59	54	47
63	59	54	47
63	58	54	47
63	58	54	47
63	59	54	47
63	59	54	47
65	62	54	47
65	62	54	47
66	61	54	46
66	61	54	46
66	61	53	46
66	61	53	46
66	61	54	46
66	61	54	46
66	61	57	48
66	61	57	48
66	61	56	49
66	61	56	49
66	61	54	49
66	61	54	49
66	61	56	49
66	61	56	49
65	61	56	49
63	61	56	49
65	59	56	49
65	59	56	49
67	59	56	49
67	59	56	49
67	58	51	49
67	58	51	49
67	58	51	49
67	58	51	49
68	56	51	49
68	56	51	49
68	56	51	49
68	56	51	49
63	56	51	49
63	56	51	49
63	56	51	48
63	56	51	46
68	56	51	48
68	56	51	48
68	56	51	48
68	56	51	48
66	56	51	48
66	56	51	48
66	56	51	48
66	56	51	48
64	56	49	49
64	56	49	49
64	56	49	49
64	56	49	49
64	56	49	NaN
64	56	49	NaN
64	56	47	NaN
64	56	45	NaN
65	61	44	37
65	61	44	37
65	61	44	37
65	61	44	37
65	59	44	37
65	59	44	37
65	59	42	37
65	59	44	37
66	59	42	38
66	59	42	38
66	58	42	38
66	58	42	38
66	59	44	38
66	59	44	38
66	61	46	38
66	61	46	38
66	62	47	35
66	62	47	35
69	62	47	35
69	62	47	35
67	63	45	35
67	63	45	35
66	63	45	35
66	63	45	35
64	64	43	36
64	64	43	36
71	64	42	36
71	64	42	36
69	64	40	36
69	64	40	36
67	64	40	35
67	64	40	35
66	64	42	34
66	64	42	34
64	64	42	34
64	64	42	34
65	64	43	34
65	64	43	34
65	62	43	34
65	62	43	34
65	61	43	34
65	61	43	34
63	61	42	34
63	61	42	34
64	61	43	34
64	61	43	34
64	60	43	34
64	60	43	34
64	59	43	35
64	59	43	35
64	59	42	35
64	59	42	35
63	59	45	35
63	59	45	35
63	59	45	35
63	59	45	35
64	59	45	40
64	59	45	40
64	59	45	40
64	59	45	40
64	59	44	40
64	59	44	40
62	59	44	40
61	59	44	40
59	62	44	NaN
59	62	44	NaN
56	62	44	NaN
56	62	44	NaN
68	62	47	41
68	62	47	41
68	62	47	41
68	62	47	41
68	61	47	42
68	61	47	42
66	61	47	42
65	61	47	42
66	61	46	42
66	61	46	42
64	61	46	42
63	61	46	42
61	64	46	NaN
61	64	46	NaN
61	64	48	NaN
61	64	48	NaN
NaN	64	49	43
NaN	64	49	43
NaN	64	49	43
NaN	64	49	43
NaN	63	49	44
NaN	63	49	44
NaN	63	49	42
NaN	63	49	44
NaN	63	49	45
NaN	63	49	45
NaN	65	49	45
NaN	65	49	45
NaN	66	49	45
NaN	66	49	45
NaN	66	48	39
NaN	66	46	39
NaN	66	48	44
NaN	66	48	44
NaN	66	48	42
NaN	66	48	42
NaN	66	48	41
NaN	66	48	41
NaN	66	48	39
NaN	66	48	39
NaN	66	49	37
NaN	66	49	37
NaN	65	44	37
NaN	63	44	37
NaN	65	49	NaN
NaN	65	49	NaN
NaN	65	50	NaN
NaN	65	49	NaN
73	65	47	37
73	65	47	37
73	65	49	37
73	65	49	37
73	66	50	42
73	66	50	42
71	68	54	42
73	69	54	42
74	71	47	42
74	71	47	42
74	71	49	42
74	71	49	42
74	71	50	42
74	71	50	42
68	71	47	42
68	71	47	42
73	65	44	42
73	65	44	42
71	65	45	42
71	65	47	42
69	66	49	42
69	66	49	42
68	61	49	44
66	61	49	45
65	62	47	44
65	62	47	44
66	62	47	42
66	62	47	42
68	61	47	41
68	61	47	41
66	61	47	37
68	61	47	37
69	61	45	42
69	61	45	42
68	61	45	40
68	61	45	40
66	61	45	38
66	61	45	38
66	59	44	38
66	59	42	38
66	57	49	37
66	57	49	37
65	56	49	37
65	56	49	37
66	54	49	38
66	54	49	38
68	54	49	38
69	54	49	38
68	NaN	47	38
68	NaN	47	38
66	NaN	47	38
66	NaN	47	38
65	NaN	49	37
65	NaN	49	37
65	56	49	37
65	56	49	37
NaN	57	NaN	NaN
NaN	57	NaN	NaN
NaN	59	NaN	NaN
NaN	59	NaN	NaN
NaN	57	NaN	NaN
NaN	57	NaN	NaN
68	56	NaN	NaN
68	56	NaN	NaN
69	54	NaN	NaN
69	54	NaN	NaN
71	53	NaN	NaN
71	53	NaN	NaN
69	54	NaN	NaN
69	54	NaN	NaN
68	49	NaN	NaN
68	49	NaN	NaN
66	54	NaN	NaN
66	54	NaN	NaN
65	56	NaN	NaN
65	56	NaN	NaN
66	57	NaN	42
66	57	NaN	42
66	56	NaN	42
66	56	NaN	42
66	54	NaN	42
66	54	NaN	42
66	57	NaN	42
66	57	NaN	42
66	56	NaN	49
66	56	NaN	49
66	49	NaN	49
66	49	NaN	49
65	56	NaN	49
65	56	NaN	49
66	57	NaN	49
66	57	NaN	49
68	59	50	49
68	59	50	49
68	57	50	49
68	56	50	49
68	57	50	47
68	57	50	47
68	59	50	47
68	59	50	47
68	61	49	45
68	61	49	45
68	59	49	45
68	59	49	45
66	57	49	45
66	57	49	45
68	59	49	45
68	59	49	45
69	61	52	45
69	61	52	45
71	61	52	45
71	61	52	45
73	61	52	45
73	61	52	45
69	61	52	45
69	61	52	45
66	61	51	47
66	61	51	47
66	59	51	47
66	58	51	47
68	59	51	47
68	59	51	47
70	61	53	47
70	61	53	47
71	62	54	47
71	62	54	47
73	62	54	47
73	62	54	47
74	62	54	47
74	62	54	47
71	62	54	47
71	62	54	47
68	62	54	49
68	62	54	49
68	61	54	49
68	61	54	49
NaN	59	54	49
NaN	59	54	49
NaN	57	53	49
NaN	57	51	49
NaN	56	53	49
NaN	56	53	49
NaN	54	53	49
NaN	54	53	49
NaN	56	53	49
NaN	56	53	49
NaN	59	53	49
NaN	59	53	49
NaN	57	54	42
NaN	57	54	42
NaN	57	56	42
NaN	57	56	42
NaN	NaN	54	NaN
NaN	NaN	54	NaN
NaN	NaN	52	NaN
NaN	NaN	52	NaN
NaN	NaN	51	NaN
NaN	NaN	51	NaN
NaN	NaN	49	NaN
NaN	NaN	49	NaN
NaN	NaN	51	NaN
NaN	NaN	51	NaN
NaN	NaN	54	NaN
NaN	NaN	54	NaN
